PERF GEO   'W-12'
** location        ff
   9    7     1    1.000000
   10   8     1    1.000000
   11   9     1    1.000000
   12   10    1    1.000000  
   13   11    1    1.000000  
   14   12    1    1.000000  
   15   13    1    1.000000     
   16   14    1    1.000000   
LAYERXYZ    'W-12'
**$ perf geometric data: entry point(x1,y1,z1) exit point(x2,y2,z2), perforation length
    9    7     1        1600.00000     1200.00000     4805.00000     1800.00000     1400.00000     4805.0000      282.84271
    10   8     1        1800.00000     1400.00000     4805.00000     2000.00000     1600.00000     4805.0000      282.84271
    11   9     1        2000.00000     1600.00000     4805.00000     2200.00000     1800.00000     4805.0000      282.84271
    12   10    1        2200.00000     1800.00000     4805.00000     2400.00000     2000.00000     4805.0000      282.84271
    13   11    1        2400.00000     2000.00000     4805.00000     2600.00000     2200.00000     4805.0000      282.84271
    14   12    1        2600.00000     2200.00000     4805.00000     2800.00000     2400.00000     4805.0000      282.84271
    15   13    1        2800.00000     2400.00000     4805.00000     3000.00000     2600.00000     4805.0000      282.84271
    16   14    1        3000.00000     2600.00000     4805.00000     3200.00000     2800.00000     4805.0000      20.10103