PERF GEO   'W-30'
** location        ff
   33   38   14    1.000000
   34   37   14    1.000000
   35   36   14    1.000000
   36   35   14    1.000000
   37   34   14    1.000000
   38   33   14    1.000000
   39   32   14    1.000000
   40   31   14    1.000000
LAYERXYZ    'W-30'
**$ perf geometric data: entry point(x1,y1,z1) exit point(x2,y2,z2), perforation length
   33   38   14     6400.00000     7600.00000     4935.00000     6600.00000     7400.00000     4935.00000      282.84271
   34   37   14     6600.00000     7400.00000     4935.00000     6800.00000     7200.00000     4935.00000      282.84271
   35   36   14     6800.00000     7200.00000     4935.00000     7000.00000     7000.00000     4935.00000      282.84271
   36   35   14     7000.00000     7000.00000     4935.00000     7200.00000     6800.00000     4935.00000      282.84271   
   37   34   14     7200.00000     6800.00000     4935.00000     7400.00000     6600.00000     4935.00000      282.84271
   38   33   14     7400.00000     6600.00000     4935.00000     7600.00000     6400.00000     4935.00000      282.84271
   39   32   14     7600.00000     6400.00000     4935.00000     7800.00000     6200.00000     4935.00000      282.84271
   40   31   14     7800.00000     6200.00000     4935.00000     8000.00000     6000.00000     4935.00000      20.10103  