PERF GEO    'W-23'   
** location        ff
   13   18    12    1.000000
   14   17    12    1.000000
   15   16    12    1.000000
   16   15    12    1.000000
   17   14    12    1.000000
   18   13    12    1.000000
   19   12    12    1.000000
   20   11    12    1.000000
LAYERXYZ    'W-23'   
**$ perf geometric data: entry point(x1,y1,z1) exit point(x2,y2,z2), perforation length
   13   18    12    2400.00000     3600.00000     4915.00000     2600.00000     3400.00000     4915.00000      282.84271 
   14   17    12    2600.00000     3400.00000     4915.00000     2800.00000     3200.00000     4915.00000      282.84271 
   15   16    12    2800.00000     3200.00000     4915.00000     3000.00000     3000.00000     4915.00000      282.84271 
   16   15    12    3000.00000     3000.00000     4915.00000     3200.00000     2800.00000     4915.00000      282.84271 
   17   14    12    3200.00000     2800.00000     4915.00000     3400.00000     2600.00000     4915.00000      282.84271 
   18   13    12    3400.00000     2600.00000     4915.00000     3600.00000     2400.00000     4915.00000      282.84271 
   19   12    12    3600.00000     2400.00000     4915.00000     3800.00000     2200.00000     4915.00000      282.84271 
   20   11    12    3800.00000     2200.00000     4915.00000     4000.00000     2000.00000     4915.00000      20.10103  