PERF GEO   'W-27'
** location        ff
   13   18    14    1.000000
   14   17    14    1.000000
   15   16    14    1.000000
   16   15    14    1.000000
   17   14    14    1.000000
   18   13    14    1.000000
   19   12    14    1.000000
   20   11    14    1.000000
LAYERXYZ    'W-27'
**$ perf geometric data: entry point(x1,y1,z1) exit point(x2,y2,z2), perforation length
   13   18    14    2400.00000     3600.00000     4935.00000     2600.00000     3400.00000     4935.00000      282.84271 
   14   17    14    2600.00000     3400.00000     4935.00000     2800.00000     3200.00000     4935.00000      282.84271 
   15   16    14    2800.00000     3200.00000     4935.00000     3000.00000     3000.00000     4935.00000      282.84271 
   16   15    14    3000.00000     3000.00000     4935.00000     3200.00000     2800.00000     4935.00000      282.84271 
   17   14    14    3200.00000     2800.00000     4935.00000     3400.00000     2600.00000     4935.00000      282.84271 
   18   13    14    3400.00000     2600.00000     4935.00000     3600.00000     2400.00000     4935.00000      282.84271 
   19   12    14    3600.00000     2400.00000     4935.00000     3800.00000     2200.00000     4935.00000      282.84271 
   20   11    14    3800.00000     2200.00000     4935.00000     4000.00000     1800.00000     4935.00000      20.10103  