PERF GEO   'W-19'      
** location        ff
   9    25     3    1.000000
   10   26     3    1.000000
   11   27     3    1.000000
   12   28     3    1.000000     
   13   29     3    1.000000
   14   30     3    1.000000
   15   31     3    1.000000
   16   32     3    1.000000 
LAYERXYZ    'W-19'      
**$ perf geometric data: entry point(x1,y1,z1) exit point(x2,y2,z2), perforation length
   9    25     3        1600.00000     4800.00000     4825.00000     1800.00000     5000.00000     4825.0000      282.84271
   10   26     3        1800.00000     5000.00000     4825.00000     2000.00000     5200.00000     4825.0000      282.84271
   11   27     3        2000.00000     5200.00000     4825.00000     2200.00000     5400.00000     4825.0000      282.84271
   12   28     3        2200.00000     5400.00000     4825.00000     2400.00000     5600.00000     4825.0000      282.84271
   13   29     3        2400.00000     5600.00000     4825.00000     2600.00000     5800.00000     4825.0000      282.84271
   14   30     3        2600.00000     5800.00000     4825.00000     2800.00000     6000.00000     4825.0000      282.84271
   15   31     3        2800.00000     6000.00000     4825.00000     3000.00000     6200.00000     4825.0000      282.84271
   16   32     3        3000.00000     6200.00000     4825.00000     3200.00000     6400.00000     4825.0000      20.10103 