PERF GEO   'W-14'   
** location        ff
   9    31     1    1.000000
   10   32     1    1.000000
   11   33     1    1.000000
   12   34     1    1.000000 
   13   35     1    1.000000
   14   36     1    1.000000
   15   37     1    1.000000
   16   38     1    1.000000 
LAYERXYZ    'W-14'   
**$ perf geometric data: entry point(x1,y1,z1) exit point(x2,y2,z2), perforation length
   9    31      1        1600.00000     6000.00000     4805.00000     1800.00000     6200.00000     4805.0000      282.84271
   10   32      1        1800.00000     6200.00000     4805.00000     2000.00000     6400.00000     4805.0000      282.84271
   11   33      1        2000.00000     6400.00000     4805.00000     2200.00000     6600.00000     4805.0000      282.84271
   12   34      1        2200.00000     6600.00000     4805.00000     2400.00000     6800.00000     4805.0000      282.84271
   13   35      1        2400.00000     6800.00000     4805.00000     2600.00000     7000.00000     4805.0000      282.84271
   14   36      1        2600.00000     7000.00000     4805.00000     2800.00000     7200.00000     4805.0000      282.84271
   15   37      1        2800.00000     7200.00000     4805.00000     3000.00000     7400.00000     4805.0000      282.84271
   16   38      1        3000.00000     7400.00000     4805.00000     3200.00000     7600.00000     4805.0000      20.10103 