PERF GEO   'W-13' 
** location        ff
   38    9   1    1.000000
   39   10   1    1.000000
   40   11   1    1.000000
   41   12   1    1.000000
   42   13   1    1.000000
   43   14   1    1.000000
   44   15   1    1.000000
   45   16   1    1.000000
LAYERXYZ    'W-13' 
**$ perf geometric data: entry point(x1,y1,z1) exit point(x2,y2,z2), perforation length
   38    9   1    7400.00000     1600.00000     4805.00000     7600.00000     1800.00000     4805.00000      282.84271
   39   10   1    7600.00000     1800.00000     4805.00000     7800.00000     2000.00000     4805.00000      282.84271  
   40   11   1    7800.00000     2000.00000     4805.00000     8000.00000     2200.00000     4805.00000      282.84271
   41   12   1    8000.00000     2200.00000     4805.00000     8200.00000     2400.00000     4805.00000      282.84271
   42   13   1    8200.00000     2400.00000     4805.00000     8400.00000     2600.00000     4805.00000      282.84271
   43   14   1    8400.00000     2600.00000     4805.00000     8600.00000     2800.00000     4805.00000      282.84271  
   44   15   1    8600.00000     2800.00000     4805.00000     8800.00000     3000.00000     4805.00000      282.84271
   45   16   1    8800.00000     3000.00000     4805.00000     9000.00000     3200.00000     4805.00000      20.10103 