PERF GEO   'W-16'  
** location        ff
   41   35    1    1.000000
   42   36    1    1.000000
   43   37    1    1.000000
   44   38    1    1.000000
   45   39    1    1.000000
   46   40    1    1.000000
   47   41    1    1.000000
   48   42    1    1.000000
LAYERXYZ    'W-16'  
**$ perf geometric data: entry point(x1,y1,z1) exit point(x2,y2,z2), perforation length
   41   35    1    8000.00000     6800.00000     4805.00000     8200.00000     7000.00000     4805.00000      282.84271
   42   36    1    8200.00000     7000.00000     4805.00000     8400.00000     7200.00000     4805.00000      282.84271
   43   37    1    8400.00000     7200.00000     4805.00000     8600.00000     7400.00000     4805.00000      282.84271
   44   38    1    8600.00000     7400.00000     4805.00000     8800.00000     7600.00000     4805.00000      282.84271
   45   39    1    8800.00000     7600.00000     4805.00000     9000.00000     7800.00000     4805.00000      282.84271
   46   40    1    9000.00000     7800.00000     4805.00000     9200.00000     8000.00000     4805.00000      282.84271
   47   41    1    9200.00000     8000.00000     4805.00000     9400.00000     8200.00000     4805.00000      282.84271
   48   42    1    9400.00000     8200.00000     4805.00000     9600.00000     8400.00000     4805.00000      20.10103 