PERF GEO   'W-20'
** location        ff
   39   25     3    1.000000
   40   26     3    1.000000
   41   27     3    1.000000
   42   28     3    1.000000     
   43   29     3    1.000000
   44   30     3    1.000000
   45   31     3    1.000000
   46   32     3    1.000000 
LAYERXYZ    'W-20'
**$ perf geometric data: entry point(x1,y1,z1) exit point(x2,y2,z2), perforation length
   39   25     3        7600.00000     4800.00000     4825.00000     7800.00000     5000.00000     4825.0000      282.84271
   40   26     3        7800.00000     5000.00000     4825.00000     8000.00000     5200.00000     4825.0000      282.84271
   41   27     3        8000.00000     5200.00000     4825.00000     8200.00000     5400.00000     4825.0000      282.84271
   42   28     3        8200.00000     5400.00000     4825.00000     8400.00000     5600.00000     4825.0000      282.84271
   43   29     3        8400.00000     5600.00000     4825.00000     8600.00000     5800.00000     4825.0000      282.84271
   44   30     3        8600.00000     5800.00000     4825.00000     8800.00000     6000.00000     4825.0000      282.84271
   45   31     3        8800.00000     6000.00000     4825.00000     9000.00000     6200.00000     4825.0000      282.84271
   46   32     3        9000.00000     6200.00000     4825.00000     9200.00000     6400.00000     4825.0000      20.10103 