PERF GEO   'W-26' 
** location        ff
   33   38   12    1.000000
   34   37   12    1.000000
   35   36   12    1.000000
   36   35   12    1.000000
   37   34   12    1.000000
   38   33   12    1.000000
   39   32   12    1.000000
   40   31   12    1.000000
LAYERXYZ    'W-26' 
**$ perf geometric data: entry point(x1,y1,z1) exit point(x2,y2,z2), perforation length
   33   38   12     6400.00000     7600.00000     4915.00000     6600.00000     7400.00000     4915.00000      282.84271
   34   37   12     6600.00000     7400.00000     4915.00000     6800.00000     7200.00000     4915.00000      282.84271
   35   36   12     6800.00000     7200.00000     4915.00000     7000.00000     7000.00000     4915.00000      282.84271
   36   35   12     7000.00000     7000.00000     4915.00000     7200.00000     6800.00000     4915.00000      282.84271   
   37   34   12     7200.00000     6800.00000     4915.00000     7400.00000     6600.00000     4915.00000      282.84271
   38   33   12     7400.00000     6600.00000     4915.00000     7600.00000     6400.00000     4915.00000      282.84271
   39   32   12     7600.00000     6400.00000     4915.00000     7800.00000     6200.00000     4915.00000      282.84271
   40   31   12     7800.00000     6200.00000     4915.00000     8000.00000     6000.00000     4915.00000      20.10103    